Exon numbering	GRCh37	
Transcript-specific	Start	End
1	29422328	29422387
2	29483001	29483144
3	29486028	29486111
4	29490204	29490394
5	29496909	29497015
6	29508440	29508507
7	29508728	29508803
8	29509526	29509683
9	29527440	29527613
10	29528055	29528177
11	29528429	29528503
12	29533258	29533389
13	29541469	29541603
14	29546023	29546136
15	29548868	29548947
16	29550462	29550585
17	29552113	29552268
18	29553453	29553702
19	29554236	29554309
20	29554541	29554624
21	29556043	29556483
22	29556853	29556992
23	29557278	29557400
24	29557860	29557943
25	29559091	29559207
26	29559718	29559899
27	29560020	29560231
28	29562629	29562790
29	29562936	29563039
30	29576002	29576137
31	29579956	29580018
32	29585362	29585520
33	29586050	29586147
34	29587387	29587533
35	29588729	29588875
36	29592247	29592357
37	29652838	29653270
38	29654517	29654857
39	29657314	29657516
40	29661856	29662049
41	29663351	29663491
42	29663653	29663932
43	29664386	29664600
44	29664837	29664898
45	29665043	29665157
46	29665722	29665823
47	29667523	29667663
48	29670027	29670153
49	29676138	29676269
50	29677201	29677336
51	29679275	29679432
52	29683478	29683600
53	29683978	29684108
54	29684287	29684387
55	29685498	29685640
56	29685987	29686033
57	29687505	29687721
58	29701031	29701173